55
37
60
92
95
29
57
72
29
38
94
15
34
96
66
53
38
12
19
59
39
78
55
66
11
70
46
28
45
34
6
43
13
79
18
43
91
38
0
68
94
38
45
2
86
91
53
92
30
7
0
69
28
70
42
37
46
83
19
24
72
48
37
39
3
28
66
90
71
14
85
14
4
54
30
32
70
18
49
12
70
49
11
15
15
39
85
49
65
5
10
54
100
94
71
62
52
30
50
15
18
43
44
40
60
72
100
82
98
47
9
90
8
46
16
50
46
1
46
27
23
18
90
82
75
69
47
67
34
90
51
13
16
85
47
28
90
5
48
78
77
62
34
87
17
50
69
19
1
72
19
68
96
66
75
9
86
0
15
96
0
18
71
38
26
39
14
3
75
51
24
51
41
35
82
74
91
18
21
12
97
59
52
23
19
90
26
87
75
54
19
39
91
64
33
19
64
52
30
60
59
26
10
16
46
7
18
64
10
28
7
27
92
79
41
6
45
15
36
8
36
19
27
20
38
48
60
17
47
90
75
72
76
40
3
3
9
33
97
41
97
17
62
58
4
89
69
36
46
57
53
60
65
73
87
34
73
85
39
92
7
16
31
83
18
57
75
21
70
85
90
80
56
11
13
85
45
33
40
11
7
48
92
90
39
98
32
98
60
50
39
32
32
89
86
51
14
10
51
100
22
38
28
54
97
65
19
17
47
53
45
97
8
54
70
23
8
98
61
33
98
87
21
77
75
47
24
93
52
97
77
61
32
6
100
42
79
57
57
70
78
55
82
83
8
76
41
18
61
0
4
6
81
5
5
68
11
79
28
78
0
52
36
67
10
55
89
6
99
14
92
100
36
22
19
32
53
29
85
77
80
19
66
40
50
77
54
95
48
52
82
32
72
65
79
10
84
3
18
2
15
75
36
38
34
8
87
84
4
37
58
95
74
83
44
55
89
13
89
8
35
56
20
49
88
1
91
31
37
53
81
95
17
22
13
19
92
39
54
77
23
91
67
43
76
100
14
46
77
17
4
77
10
59
39
81
32
46
13
73
62
45
92
98
5
12
96
12
10
24
68
8
44
84
36
70
86
90
92
33
82
89
60
88
59
84
90
45
15
100
33
58
99
18
59
65
10
80
100
11
49
88
40
12
35
68
6
64
61
56
22
63
87
87
56
6
74
69
47
83
98
4
72
74
59
61
32
4
55
100
54
15
12
80
12
4
89
24
64
31
3
82
87
49
0
83
69
41
62
72
56
12
72
28
37
56
53
80
94
81
80
31
81
22
75
14
33
87
16
34
44
75
80
93
34
66
79
91
40
33
91
67
100
91
32
32
78
98
95
84
86
3
25
60
92
11
89
43
57
96
91
95
100
86
56
38
37
60
53
28
96
65
66
65
44
68
24
7
77
58
32
40
55
61
4
55
60
74
98
28
44
67
72
3
39
65
26
91
34
92
14
68
26
37
41
89
31
0
6
25
20
57
38
72
100
84
33
5
36
99
32
12
70
31
57
4
97
99
44
50
54
57
68
4
36
97
8
97
34
96
87
44
65
65
62
29
47
61
73
16
71
29
23
28
71
65
88
24
5
99
74
30
25
11
56
13
59
96
95
73
7
81
74
68
81
39
71
68
71
76
33
78
34
26
90
13
42
29
81
36
61
39
11
18
77
25
13
88
78
78
20
62
65
20
44
15
2
14
11
41
85
14
85
29
79
22
21
71
100
10
86
47
39
40
53
71
66
32
49
94
4
30
80
79
64
84
5
56
69
18
66
71
53
10
54
35
47
68
83
47
47
82
51
91
31
44
70
65
0
85
64
23
40
17
76
78
21
75
59
65
5
64
57
96
3
28
77
9
2
20
53
54
65
12
51
91
0
46
24
34
57
21
79
100
10
38
23
12
49
75
2
24
70
67
7
93
91
53
31
93
89
39
74
75
70
54
92
94
12
6
76
18
11
36
72
29
30
51
23
77
94
0
54
69
68
65
36
8
18
12
90
31
7
89
68
34
57
93
64
1
84
7
44
41
99
20
48
93
91
70
56
43
5
31
25
6
48
77
82
20
9
16
83
91
68
4
49
48
42
74
21
0
41
84
96
35
95
41
36
11
93
62
15
80
97
20
73
65
15
66
92
16
28
14
8
54
39
6
70
98
22
36
64
41
1
90
17
89
1
73
46
35
57
37
55
24
49
2
7
61
46
45
63
5
4
45
44
87
6
72
95
83
94
25
20
41
99
13
17
37
66
26
38
19
86
7
34
87
48
40
