89
19
85
28
81
4
44
85
33
78
30
91
64
86
60
48
26
75
25
99
97
59
38
89
18
57
68
86
50
32
46
88
7
2
61
89
90
64
66
55
0
53
41
45
1
60
67
77
51
65
76
47
70
8
77
36
34
32
44
2
100
36
56
98
45
29
75
90
70
95
39
62
47
57
95
94
31
63
24
91
83
90
75
99
90
1
52
52
48
54
1
27
14
21
11
58
23
63
42
78
34
68
82
58
84
5
86
6
22
47
92
93
70
100
19
51
72
73
79
77
16
0
30
52
25
8
0
59
16
1
2
85
61
0
68
50
81
29
51
4
45
66
31
23
100
12
43
79
53
28
1
97
9
30
27
56
83
28
89
7
74
87
80
43
51
27
62
13
4
70
88
7
78
44
74
79
90
74
30
81
13
2
53
78
39
15
38
77
48
48
45
51
53
57
43
55
46
70
60
8
95
34
59
43
12
8
18
49
77
55
15
97
52
34
98
24
17
81
72
50
14
14
77
98
36
46
47
3
17
98
1
96
25
87
5
28
71
53
99
15
18
100
0
4
34
94
23
87
30
47
77
98
68
15
82
52
33
45
23
7
50
89
21
66
16
72
63
73
14
68
66
37
80
74
81
70
67
49
39
52
54
3
26
23
35
56
68
47
52
87
40
89
29
71
33
82
96
75
84
99
73
48
29
57
23
67
22
87
86
67
78
69
45
79
21
46
19
69
24
89
26
61
71
72
66
26
65
27
46
69
60
42
21
70
7
13
11
32
38
64
59
69
8
28
92
88
7
42
28
40
1
99
7
47
36
54
44
95
46
57
100
19
10
48
0
67
10
56
17
54
39
25
25
50
82
8
86
76
9
27
20
59
20
91
76
29
18
29
69
50
0
57
75
94
11
89
8
66
83
97
69
66
20
42
41
83
10
25
46
60
98
94
81
2
55
25
94
76
54
68
85
29
18
21
98
93
44
80
97
56
5
49
17
91
39
100
17
71
4
23
65
36
0
31
27
33
27
21
93
68
56
42
53
71
35
5
8
16
62
61
81
3
10
38
49
30
76
64
2
66
24
81
80
65
20
92
92
24
86
52
100
50
39
62
27
68
22
12
85
98
60
7
55
67
94
43
66
84
91
74
59
6
81
71
78
96
36
44
26
1
62
66
67
79
80
54
42
75
7
51
21
79
91
19
90
95
71
6
19
33
91
49
28
15
72
96
4
22
20
17
28
4
39
15
81
2
94
56
73
7
73
58
69
85
21
23
37
87
1
80
50
22
3
17
82
87
70
26
48
60
69
87
77
68
1
21
82
56
79
56
48
57
21
78
50
77
40
74
16
38
99
53
88
31
64
11
0
6
9
5
12
55
66
49
34
36
99
11
82
34
66
39
99
13
39
26
31
42
21
43
30
88
29
58
80
31
35
96
64
61
25
46
41
9
84
70
21
59
8
82
38
72
2
38
78
93
67
97
67
10
21
20
12
27
52
51
27
69
20
36
94
62
56
7
73
47
8
0
49
96
30
93
95
85
85
95
29
13
63
26
85
29
53
75
83
48
10
2
30
16
69
0
79
59
15
44
4
48
100
70
28
28
52
2
16
53
77
68
58
68
4
41
92
40
14
57
12
98
65
74
57
92
71
28
65
23
11
53
5
34
94
36
78
35
28
97
35
52
48
13
52
20
81
83
81
58
45
50
44
97
60
44
91
47
81
16
54
56
14
57
81
4
53
13
35
48
87
3
80
22
46
65
15
39
45
1
72
43
29
100
26
98
15
83
11
72
3
91
23
6
63
43
27
0
32
98
49
56
34
89
18
64
29
20
23
40
3
49
96
70
58
19
19
67
33
64
85
73
97
28
45
18
79
78
16
17
10
50
1
86
14
31
5
80
84
51
38
98
42
13
32
30
69
3
4
95
24
87
10
49
6
20
78
97
93
90
46
69
89
62
47
11
1
69
2
14
56
74
97
33
49
56
53
81
24
27
12
86
22
92
43
91
38
1
48
97
27
44
28
82
43
26
51
41
9
82
77
40
2
100
44
33
84
57
21
14
82
43
98
3
82
22
46
41
27
13
79
93
65
57
18
11
53
11
48
45
69
100
78
16
85
19
76
83
39
19
97
73
29
12
74
11
42
63
20
72
62
38
41
54
46
39
70
94
0
39
84
91
58
64
7
99
13
33
78
87
72
92
54
39
45
7
50
56
32
27
22
86
71
30
95
68
32
69
39
18
13
29
58
31
74
96
11
65
52
9
28
0
78
83
